55030
92949
32214
32671
66051
41826
12124
35179
27772
8596
14534
39152
81020
15235
33762
78072
13397
35832
66091
99479
28190
93378
59770
7397
47648
11673
98761
7349
18580
62222
64797
42428
92885
28428
52963
35671
47551
48962
25210
61740
57123
19594
38869
73697
16120
66600
10156
29960
33178
82164
13809
13845
26835
24831
74438
88939
93994
93235
71957
73174
54527
79006
23535
98046
94660
89195
65441
18809
48610
5966
14689
65469
67790
91155
35975
94432
7110
40211
29724
38787
49999
74269
97390
84911
70393
48564
41935
40491
47445
10403
41532
27390
76540
72613
88251
41038
27613
90083
11418
3933
82266
26360
71626
39239
9824
71062
92024
432
47626
32912
71218
96414
6023
97624
19218
25749
40030
10837
26721
55275
30858
79678
6655
2022
90501
67913
25620
31953
34426
41903
3665
62757
28501
56558
49046
57142
37020
76506
40631
2305
26967
61943
48676
35903
42527
94485
13949
89640
68109
67250
58738
5073
50584
69104
26532
5203
22193
50398
38703
76667
93708
11439
68311
8566
93723
47655
37903
36008
64504
43318
42581
82253
83406
38910
18436
69172
92007
60595
24933
9880
86430
15713
73424
93378
55320
49784
25736
17355
50207
75868
47355
23630
98020
17157
80407
60963
16155
50360
22954
87132
86029
27891
96999
81037
61038
99539
98119
1713
1247
72316
43203
24144
65281
4734
12070
78211
98564
93496
92929
66624
62844
48558
96184
53159
37273
80326
78929
71491
3312
79745
82232
34656
62502
89535
51229
96418
55110
32795
23113
96349
53723
92400
71696
56703
53689
66476
3125
72301
81290
74767
21009
97780
11484
81154
1346
68642
18294
28748
59704
96878
17098
3355
79001
94617
37784
8102
98780
13457
55787
87560
99170
52131
74313
94268
62953
93650
43383
68623
79460
61215
96576
79554
83102
73444
90190
71922
90696
7913
72801
77309
23434
2580
60050
68915
2396
43370
43967
75098
31312
65564
17775
84095
82734
36017
24700
40261
86785
78193
26663
68715
45404
43650
60858
24091
7831
90799
12732
71527
84225
91826
7245
61574
57582
99145
10988
81369
79762
4188
38072
13887
29432
3617
62845
78115
55804
50759
41978
59786
83125
79155
27275
89767
92077
6558
93207
17914
12538
12646
27798
90123
29998
45937
8727
94836
22334
3989
18069
58813
26822
57206
52937
61909
69208
90504
42810
23445
41008
15072
36055
34898
91119
52691
66897
14852
58696
98266
68145
54996
60338
85843
83257
44665
51498
97736
63062
26123
46609
58499
49510
50523
77923
29169
59297
98278
7075
91309
51771
80487
57944
92876
53389
85216
93661
48125
5356
24017
88092
95139
8175
88449
28498
53346
88899
71344
40959
61001
2931
79739
95729
2351
99851
47699
35438
99794
93777
65963
29552
91290
59696
85869
20771
50899
7828
59196
68357
45763
94508
39144
10661
64585
91206
38801
78257
41795
82426
91903
2469
9536
9800
8370
8203
35408
8732
8885
79870
97668
92342
81445
54244
44452
98223
78160
51162
25702
44568
97132
81965
69975
53169
6545
97753
7297
32415
92584
28410
77855
43704
19788
84831
18595
19361
90221
95406
67234
34620
43222
63997
34118
88103
33448
67377
61716
53821
90592
10921
38284
12877
17183
50649
85144
96922
7569
40963
15407
76719
29230
73013
58411
67663
48364
74086
94169
50605
55543
1105
58337
87207
24064
17316
78718
82480
34876
17412
41205
67354
74387
21148
86507
49834
69687
12479
39883
91782
99230
42067
49422
35854
12857
39654
47023
79099
36754
28260
99925
18716
94203
65369
25976
91218
88726
53695
32092
36568
8205
69787
79805
9466
41471
16441
14964
5474
10261
36715
3042
14317
53355
69686
16667
12229
68980
922
7450
73546
78203
40697
49382
94146
88185
98332
32087
63974
46252
85737
852
9779
97740
31021
48307
71796
19308
18780
88976
25080
25439
61410
84936
53297
88984
15470
7964
75711
62344
92827
75957
30388
31905
23713
75160
30809
41774
96051
10142
31533
67492
30215
17004
22864
45319
32316
44987
50912
87832
65804
19431
84680
10331
52941
39472
78490
17786
46243
27388
61590
78968
516
62423
78360
37532
10362
25301
58516
26008
21758
97941
29310
21831
99083
93408
12740
53538
25205
31884
43219
76010
90901
8733
37756
41143
18950
60745
80731
89849
75027
1029
43512
66052
16452
98624
33156
3170
73837
92976
58721
15679
63064
55591
42792
45616
12338
22628
43759
47126
34997
92375
43793
73735
42192
2964
83522
61032
61372
38311
81224
93051
61347
77823
82068
97793
96302
38853
94959
66016
67531
80911
68500
77245
39820
82847
37570
26643
31098
77290
58507
19754
58243
40458
54170
4267
98569
7762
21892
59796
16161
9487
18728
25399
89828
89733
70100
39662
22101
53192
81724
18640
31966
6136
8470
23754
18127
25576
13565
39146
71212
82381
97310
71955
92882
79691
20214
81209
81728
89430
10514
53601
67833
30020
33251
85077
73468
64361
87909
83841
71321
33306
47326
51903
40291
30249
75218
70576
37326
6366
77975
39818
82432
88757
52601
212
95670
10508
85449
83173
77985
14477
12070
67446
40601
21151
4093
7017
47399
1743
49729
86425
2771
54743
71760
74351
36776
68890
24481
15189
35885
37084
26408
86788
47464
24103
15097
48488
39959
50257
99711
86444
69515
21804
20658
54152
66567
42199
44233
81734
82845
92007
52747
31294
91063
55652
43653
33688
55516
9929
82383
9335
95122
85860
10845
57692
77980
27737
98198
8168
19610
87796
41527
23117
35303
10834
2409
92344
62860
68451
8425
18817
11787
80031
5732
73659
86594
16961
9999
16812
32123
82898
65284
56400
86951
44895
24441
99889
13540
43782
94545
91462
35211
50568
57507
48489
70448
74890
73304
17669
51129
77553
82108
69138
28332
95113
9490
18857
17469
56908
53076
44729
26875
49009
59429
41344
27496
23767
1358
32009
9330
72111
18053
40911
29384
68498
36554
70655
885
93402
12937
12202
87890
96940
23842
31095
37938
56237
56883
6779
98192
97357
43662
83266
53535
33808
38763
15490
95773
25665
68631
47822
88930
69028
13195
23913
57903
8042
44828
3507
84000
68018
78422
24410
83308
48361
28354
48283
75083
71918
66152
59753
87487
18310
99932
69353
51494
88552
74238
68182
40508
20569
79763
55243
17411
1857
24511
8815
229
5253
99107
43484
24277
40856
860
99518
29754
23667
57969
44481
27510
15174
89905
46786
29824
7933
6139
51255
55295
3706
45439
68341
23355
20358
43325
35400
57409
33018
