13849
13000
68885
53284
56115
88013
11488
35323
6644
32447
81792
91385
87069
81716
64652
39851
74443
78145
5093
950
68034
7577
64478
19467
13131
66807
50528
35651
4572
20305
58476
93021
4199
98152
88642
48319
45778
86125
97035
70888
80765
37392
24419
75549
17618
11553
29908
71858
36156
84420
74502
60568
82017
592
52484
61185
52285
22683
82904
85208
39862
28497
67914
6723
65448
38959
75931
93845
72041
29341
45528
91597
16861
70824
21487
95446
64327
48589
94072
46235
91934
84871
43399
93664
28475
77932
1768
52642
50009
51799
33772
746
22886
8508
12881
54718
47293
74100
95339
70617
65876
215
41604
53625
57107
19962
88635
14421
98015
114
89115
31486
14169
23725
49802
6001
79940
40709
96121
1165
86054
53354
48433
42493
84822
53672
20731
26503
67658
39797
6934
41877
86615
64319
28721
9783
81813
20810
23026
53320
27772
52763
99427
53407
50719
1869
72178
43005
3841
77554
29174
88041
18146
79507
19966
84518
35718
11612
69610
8612
32700
52793
63664
96180
60804
46467
4117
8221
5790
49555
19194
10950
78684
71713
75064
95484
62985
2588
8897
757
18282
67318
5174
82088
29745
61139
53893
3453
4367
45643
11726
249
70837
70719
895
99692
60873
66865
98968
55302
52613
21475
55536
74716
2266
31069
69726
13696
47002
31329
53947
48955
53045
86872
97778
58169
60115
45383
28967
39284
28008
95138
74593
86472
29628
87865
81694
82101
23745
36224
94487
37274
72016
41118
59655
76761
41498
94100
96632
35298
76794
95753
90348
72270
24505
79918
43861
80237
48440
84563
40414
26584
14626
1037
45773
47817
55969
55303
66010
53601
50210
39196
99301
93950
51736
2242
97833
32862
25259
9210
9260
56529
80886
2316
663
97759
33506
36576
96596
59311
81062
4922
99904
50395
61922
80620
89517
50032
2132
42214
63190
59310
83176
13485
87234
70807
24705
4190
26766
5875
32902
99944
42339
6238
81761
52113
43382
10860
35828
18261
26917
41437
61277
70976
4537
86247
76479
80242
41291
11313
35457
37800
31823
27171
60550
59543
73489
21623
46233
10341
941
43644
53040
74044
29860
70336
79841
14725
53557
95084
86760
55934
29033
46201
97192
3048
37014
32318
33197
55439
7646
40972
53734
71195
18486
85638
87635
35507
55523
59357
87052
61199
47444
55169
62200
81076
45578
70387
78199
51211
35455
19662
32171
84224
82800
80185
48727
96854
13502
99568
57659
67712
69998
93702
33812
29000
49416
18266
34915
6834
42638
67739
29243
65853
44375
91572
54535
19635
45022
79413
5180
18742
72482
56545
63565
25853
96846
1662
82014
2699
53923
45821
4267
67706
9576
7013
98784
93307
25603
87559
31537
63655
5880
69828
80864
35198
71530
61899
38874
61038
30510
73493
11212
58937
7896
14439
9917
72618
75136
26818
17295
42981
36921
50550
39638
29225
13360
23235
93298
83327
21515
68732
35308
93352
25721
72247
51708
52268
76743
62069
78003
2205
13230
48073
29987
77586
62315
76683
55418
64143
11902
90099
28761
90083
220
35283
61895
53928
39846
94609
72394
90143
7459
12029
90227
23617
46607
8360
72600
71558
78592
63645
89230
51502
9913
78662
50350
12988
79462
2399
95705
69548
93311
27513
91296
65483
90208
80421
43359
70440
93245
50996
37341
90423
84470
33874
68440
14711
73524
89626
27222
30483
95962
50239
54002
72987
78099
35331
86710
3073
74208
44096
49434
81226
19244
77609
5989
52894
83203
64966
13845
61709
99667
51853
98570
78847
52023
50474
3423
41464
37411
17835
37603
95962
14796
9912
4217
98001
2196
90608
42576
11079
64144
58775
40075
39803
5038
33460
70
30035
83255
42300
93284
42055
26148
64383
56105
87615
2654
34130
8491
26883
13462
73649
48621
4594
35242
16109
41155
12491
15626
48416
15595
34991
85659
472
48614
47207
8128
50098
80677
17558
59773
62566
19749
62472
97134
92600
40841
72439
24424
99318
66443
69228
17891
3184
98103
36125
19733
56774
74194
2997
13239
34555
83320
21593
36155
51557
9070
69146
39702
17735
58189
73506
41810
52451
90039
26789
46124
81427
86791
80268
20912
21894
51283
79939
74680
29428
16345
24424
10669
93739
54544
37373
26012
34308
1351
68840
85421
81127
78662
58284
31222
16274
79705
77649
91870
3272
15004
82839
98688
37895
45361
19789
14371
64686
48621
19774
49289
56553
86506
82079
16566
6448
98567
92190
53703
75627
18650
9107
70918
81985
58862
1311
92104
60999
94995
72461
58504
3661
74377
27026
15409
86112
12330
85104
15936
22509
70763
15738
89984
20601
94008
51756
32758
73062
57680
3810
98133
69071
9399
55630
32808
41632
23345
29739
96286
78486
10827
60795
74790
90646
76039
72206
73555
65151
866
92115
17297
59481
48589
13277
17025
11007
10824
21399
96554
37262
60293
58697
93594
88763
81905
68657
16068
83662
59463
92606
34424
53120
73104
48261
25825
20196
51937
50878
68595
1379
8763
95402
69308
16712
61791
91455
95555
83288
85042
94746
36153
3812
32836
22781
19945
6948
342
1050
25450
79219
43412
67706
97421
98960
94411
42798
14791
40893
96697
3209
55065
64879
6726
91634
74167
74139
19676
32806
56315
65804
2525
19122
61846
51904
32586
20886
83368
40665
26680
20916
29968
78071
43520
62756
49448
59215
13827
75519
175
66650
78384
82117
83348
70120
29250
41636
96086
87743
81168
27333
22713
89864
44666
95131
48141
56488
30574
3660
62467
19174
86032
1947
62871
590
26695
39765
78546
86055
61724
38787
48204
16408
10589
94865
46586
27137
84676
83167
10694
34962
2183
4737
19023
53456
87147
7552
14393
29411
32811
55796
1778
94641
36019
94947
25461
18354
9650
67423
29243
90095
69264
52803
40483
98288
54636
87222
33939
21304
4545
50345
27321
21735
85848
3306
42609
91709
99992
5119
85962
82342
27034
78487
6297
78932
35989
90501
32946
87889
45723
13687
90919
7380
29735
84755
66271
67548
76055
54458
45528
42185
14090
66650
24543
71840
5647
27584
55633
42361
71881
52375
31244
96082
52613
73620
66545
47431
14992
77790
45402
46704
52690
57138
85208
13816
76040
762
39408
46923
47026
70269
56028
71571
81830
41884
64543
44634
81954
91637
60135
52029
30653
90043
25695
66897
12205
90850
78841
14252
14227
43255
67960
21909
1282
60998
95648
31814
88066
4231
88477
71562
24215
73596
35889
66871
97119
93775
68150
61009
4618
10231
29619
53026
30676
64199
97983
18025
84966
6455
56253
95916
36826
65584
86978
52388
13626
65582
85397
36705
71574
71366
6778
77754
39804
70351
94166
94520
24866
43339
63285
6101
2017
27119
80780
41575
48908
63131
63042
44619
31892
83496
8057
30602
85184
8109
6603
99083
5921
38826
59751
28291
37962
70173
77360
56151
32403
74089
77
66619
54635
21255
65950
53893
64476
49771
58773
27817
5024
70051
69907
70781
32315
69291
93950
81198
30947
45924
7151
47049
89365
64157
17718
8894
567
46370
99448
3576
87495
53356
72948
41955
28770
38439
61489
98949
33026
18041
81657
50780
48353
95393
60733
1039
9163
12386
42331
59124
58965
24122
96106
42769
76648
57426
32218
70385
97873
10691
21909
97254
536
90323
16415
25063
55795
39763
46673
69955
93798
76116
68662
32583
72590
86097
78067
35957
19881
22671
39691
85920
44398
18807
46258
23806
24583
60929
51695
44610
89000
80289
94282
57563
77877
66185
35366
28861
49378
20397
50893
77100
82523
16119
62125
18468
98622
21267
88982
13733
71224
12560
52903
53101
89876
76619
40412
91443
32222
23166
51465
88820
70985
36367
29111
20089
76970
73037
10485
40643
30692
58159
48599
22857
15300
26265
22521
63975
42546
17262
6760
92452
49215
35517
9715
41643
54285
22329
62420
1163
13301
63989
60502
66141
15928
61564
54567
2785
76520
14077
75495
49300
48
21964
92166
23448
28960
52750
1304
10730
47974
40851
10577
57096
77880
50360
74509
98389
40123
41627
97015
62625
74363
11159
81313
44115
62520
58439
55742
31730
13696
67958
47236
84486
11291
97130
37149
34324
48175
15566
1507
15383
58235
26037
55882
91046
46965
97370
51997
75342
12623
52469
76286
82274
1839
87182
90477
60537
17584
38439
91118
36804
81252
76881
78062
29078
38027
72289
37857
30156
10761
61299
42833
17483
25551
13793
38375
42635
32361
11129
85383
41667
40643
59541
97659
5346
2660
75421
58363
60775
40131
55403
15597
80116
37936
43273
42336
57477
63761
7081
62664
35500
63226
17202
22721
8542
38315
87691
6809
85174
71371
82019
55964
29531
23133
43888
68256
78212
62229
63487
90843
14584
59176
36975
12832
16415
3187
16990
94969
80570
13524
24487
10301
85841
71427
59705
74303
72598
20547
9676
68364
38115
68167
34232
34704
21711
95784
81557
26049
61711
91040
80504
91788
69288
39108
72756
93438
11604
66445
57513
39431
69136
96685
16135
28423
13101
64786
669
51363
16469
40708
75066
61943
65250
96602
48477
60945
9455
76616
38884
50977
15873
49002
60204
77218
33403
7217
79632
85381
79264
25261
55036
85475
82117
55118
37117
47454
89842
32035
93865
58635
53258
83563
22370
38287
29199
43721
71036
18101
23701
76368
61748
30907
37694
88431
83920
9238
65928
8735
40837
70955
42618
31466
71237
22352
36098
8105
79449
44424
45816
3629
41065
44779
61673
24001
69255
82435
76108
42937
97946
28507
85319
76386
71067
43358
16681
1527
70460
80417
33908
55663
65008
21084
18614
79620
97155
73502
60050
20274
72102
13342
60690
43452
32642
26946
26798
885
81392
53132
59872
51426
34420
90047
41196
21467
11077
12158
31436
17742
78298
58015
64718
24257
21521
86494
44109
71343
96385
45375
82066
11430
14207
62445
92515
84030
87784
20882
42658
43323
96550
50051
87213
3676
81546
77021
95160
47430
70676
4754
94900
57318
89067
17725
2507
38742
50808
36418
55068
76426
93066
10416
53445
51402
54405
60289
58057
33355
79219
12093
77295
65980
45593
76425
50599
25931
63818
20933
85307
80641
16225
8510
55728
20659
62862
82553
65716
99892
60317
2121
66050
12243
50520
25090
42731
26062
34692
51282
77855
46090
11829
40493
73511
59632
74668
22667
73797
58692
50871
97819
42499
67547
84980
43680
78251
5686
91618
37405
10586
8932
1195
71109
17197
72318
81381
47183
10303
1565
55898
17212
64852
30501
48867
29748
47324
92834
64503
37598
12044
46388
82440
87975
90402
12545
85272
27990
18582
56044
41861
24745
88148
97976
32238
57786
17038
81858
23000
4127
74830
98631
41403
48011
36846
80371
85374
81090
94541
1837
13171
13134
60514
47058
33066
62152
79274
37444
59101
17697
10506
49364
4525
48339
18812
40228
30481
96357
43276
17526
68251
35176
21670
56074
73652
23220
8265
18313
20437
32011
43610
53966
84853
33420
92043
83086
56142
94929
52332
80177
57938
79344
11248
87078
96720
66859
68430
39440
41920
36790
48147
11927
12569
27376
24486
31332
17292
2880
79216
38466
20272
85102
22877
34592
66038
44753
85637
80881
22579
37607
84482
77964
46007
30021
99983
74457
80689
26356
61723
9751
51913
44702
96349
64455
45477
22780
74946
19385
56128
93021
20128
87227
33472
25464
55371
25023
8627
33139
63887
62011
87409
10764
83150
48846
87776
95341
90109
2936
62629
96180
29130
16611
47823
15145
68549
71590
16087
23974
70037
76073
26855
7624
29186
22298
1277
24012
75232
93709
28410
24507
72088
76111
87014
19399
16395
5581
70563
69959
74470
40541
97614
17636
95074
26285
38855
62628
70693
69778
63234
53244
27983
56991
96208
77073
41843
33490
61293
56872
31578
55659
85418
85091
13314
94563
75361
61507
22335
831
4340
68732
52055
76058
3411
25278
51462
95267
30610
27561
94108
23165
50976
19737
46768
28426
89418
17374
4148
97364
26001
18232
44325
98354
45545
16135
18637
7899
15959
43863
71910
52141
3067
20951
23075
93399
4184
47277
26072
52510
67631
20552
17657
50052
31532
11303
73991
73878
28107
72746
75870
88
82098
17057
59202
10145
91922
25546
39418
68038
46162
13428
43617
61135
54964
43185
64609
18641
84833
33631
7736
19726
17720
74714
27311
45986
96433
6081
17022
56403
70606
51331
16349
53210
15373
42156
35444
65008
95968
76693
36493
54984
51708
94146
13980
65960
64773
97952
66318
7838
69516
91793
91967
22827
18352
78856
15524
13674
33227
41807
45064
7095
81642
2458
43327
19825
46893
29351
59438
40126
75541
9950
46129
79929
25710
20108
89994
69395
87486
17856
89998
28920
3104
83760
42454
96462
56592
25290
13562
71231
49035
49409
62318
64016
56162
31593
13977
57620
10971
15800
15266
62376
38707
23959
15827
72728
43697
8775
1615
92302
17848
31088
21351
49540
25938
65163
91775
98983
35900
56224
2258
87686
52506
85046
44445
60501
71460
71503
82432
14855
91111
84410
72414
28754
39887
24973
22556
76362
22465
45573
49865
65633
17469
12837
86092
24988
68769
82992
41413
53464
92395
59066
97709
17820
64418
31246
12427
52303
20499
78875
35024
39491
14856
37632
30633
61074
22774
86791
22568
69716
89866
50776
85249
87631
93398
60851
61334
80793
92983
73740
91243
82573
40148
63226
36418
75867
42258
5045
31344
55691
53767
75637
79543
96938
50310
30122
92031
30307
47784
63453
51950
68267
63388
31136
76115
46186
15266
63922
13798
1956
73999
15418
25444
74791
96986
97851
95774
38103
52577
53127
15730
86136
52301
12804
76900
22444
50329
11076
75993
13422
28630
32258
35011
49274
79086
83403
84112
57599
80029
77567
42512
74671
40826
59180
86007
66361
10283
21019
91386
86554
10036
59938
55838
61632
47609
34124
60882
54774
5145
37186
69487
55746
18250
4183
9993
41273
25846
35844
76366
21707
77637
86101
26660
83158
79184
69640
35261
48044
43230
27517
17093
88047
38899
95065
40046
38568
59448
5832
30503
16334
10803
10656
31995
94184
61505
76052
78702
91865
78979
86908
50174
98948
20699
45479
83519
95994
31807
5518
65821
30601
4669
74188
6429
88745
71772
70185
44844
69065
83189
34076
27337
27032
4581
38363
1478
69890
58848
99777
5277
53311
77653
1741
24641
64324
81461
16644
1019
72426
69622
38558
77041
49204
95747
99660
94670
9219
19272
24592
81469
4037
83830
80952
89578
58365
65389
68482
66103
94325
12311
94175
3483
55443
47062
27966
38825
49952
1995
68512
50951
41429
26738
83610
58924
89749
39820
90748
47882
74792
21252
50339
86529
40465
60826
59251
99689
37214
272
57441
55252
98399
58500
17577
63029
84488
89018
26033
54101
53894
1050
95293
78965
39423
11510
39696
16165
31065
89552
98287
24535
74871
32345
19204
97310
13378
74846
72316
28337
41400
60781
99833
94142
85042
63109
86594
24809
80395
75518
16751
6024
74998
25239
78731
94914
82946
66043
99516
73541
31550
27061
733
68924
89461
40137
48410
86292
73881
13270
77910
78894
5405
28127
59710
9993
97033
43816
91877
82407
57362
56064
45336
41587
93974
63349
58310
76735
60201
98278
90617
22656
12394
46236
73732
2040
8847
7069
42169
58098
83339
37653
38922
10263
25718
2525
56508
50498
63922
3943
85416
52752
49558
50759
18000
38627
43760
96996
531
53866
53297
61503
98486
96375
46981
24108
8235
68844
31856
64691
33396
20238
44743
60702
17967
75367
46785
12655
6116
540
37821
30561
28863
88496
13338
46601
77833
51516
78311
57189
22689
59362
5816
58841
16204
67672
84391
990
40440
36457
59370
98242
59929
40210
78847
28242
24996
66853
87082
35639
98771
37441
43508
97510
54114
27590
48960
47493
38497
91456
9721
80639
9418
88992
435
22879
22664
92191
15507
76896
58453
51175
36567
37049
51396
38734
9445
62282
60848
58270
99726
63195
5447
33125
59728
95374
27526
87046
7612
59756
45082
26508
77012
43619
95655
90008
58873
95472
1222
58077
8250
94463
18734
10710
61307
90185
21350
69294
36064
31625
67898
74693
26116
58173
35029
32197
72782
91353
43449
78561
8442
59473
28842
88698
39371
4120
86507
1171
80818
946
46268
4132
56330
31306
87792
5381
9646
4565
87429
28912
39378
22226
71011
946
41214
37747
31101
76618
87126
26219
75967
53861
30156
72495
85456
71604
16748
5298
79770
33559
92114
15720
39999
57683
34221
58798
10712
71404
20558
4242
64331
98958
24839
19890
20470
58239
39995
20010
65022
36621
38341
70257
48011
23739
32631
220
48036
37199
54402
77882
75445
74249
77688
19128
32747
10453
83441
65869
54333
63083
10406
46791
46078
23258
14102
75499
24878
41679
95552
69485
77580
70305
47355
43857
90703
49028
21207
71441
7116
37825
50466
32454
7462
62778
84061
25951
566
82679
44587
91323
76761
34059
43813
12261
68623
98488
85821
66477
61717
19416
82604
23125
46871
68193
87303
27571
26088
90069
35745
90135
10485
11194
43869
56256
78347
63743
41515
25761
62249
62422
26320
89783
34038
62187
38784
76635
69441
30136
45434
16698
53834
71203
75788
1509
79839
54044
69611
94147
25184
6223
4150
54939
7691
6468
86084
91012
81742
29807
39920
85831
44983
73956
3828
81507
19668
71057
86730
65278
80468
7658
21755
89060
51088
14169
81543
45029
38948
77553
13037
13252
30000
38642
74948
84279
46532
30656
26145
41673
44037
7599
95575
67047
19594
34535
81959
35752
78428
5168
77239
11072
67825
55015
74776
91440
39896
12015
28337
95282
46471
44325
25139
55344
96720
9105
47476
36572
79161
80362
81257
31484
21943
27407
67172
83760
88148
87574
72842
45063
78893
7109
19391
61316
51384
85543
97431
65217
94518
47637
72559
61450
10857
27831
39909
5840
5130
35703
12438
30269
92062
93169
90205
65667
65298
15295
67733
53277
59895
39389
33858
78028
9062
33938
28952
48695
74526
57783
76119
45397
58206
48942
58847
10086
89362
18134
77419
61010
36518
8149
4078
36669
75544
17100
64556
17745
84670
98279
19844
4109
68751
43288
44130
35975
29991
98597
57846
28075
41682
85952
64209
66701
38420
74310
48304
63114
13151
66605
22665
53453
98154
59209
35581
32988
68385
86134
90661
99571
16946
37951
38825
51522
83833
96385
36634
76984
87541
61581
34079
35049
76387
31975
84386
31354
64835
36449
63334
58674
42960
18121
49114
51296
82398
39475
95251
89626
42287
25842
53468
55305
76786
98647
94289
91562
6458
9393
6750
91219
72604
15735
5642
96991
68876
18062
36345
8139
10126
75095
61548
81543
26196
59806
89179
30290
48859
50923
16117
78611
51564
52203
20079
30640
88589
53141
30092
35706
82515
7114
26222
52484
49686
23505
26646
18377
11433
32251
23876
33150
11894
60435
1935
36241
65917
46963
36662
26342
39388
15087
59363
75598
86562
84706
11889
18408
21500
45392
19042
80302
34273
5757
87124
54187
3776
15712
55717
15219
79639
20444
96576
41215
42345
92041
88901
25073
96757
84747
96537
30144
9371
19181
33851
80898
76031
63341
70361
6452
67931
77977
79171
37210
39099
9359
23972
15390
8711
42060
88726
85273
53663
51143
14205
68291
86663
45464
33202
94029
90376
54095
40765
81311
7025
20102
78333
24756
61900
45890
3618
44049
34863
37506
84119
31118
17894
27099
97191
63359
20995
7482
73550
60098
24345
37230
92933
65233
91028
78882
46030
54073
60676
7111
72426
94746
13701
91450
70716
42142
45702
13016
37782
77504
82928
58968
24226
5239
95651
33428
82151
48231
10832
20974
39366
17129
15914
54551
62819
20566
97792
11562
90965
84548
43316
66866
12034
62040
56507
32717
74872
35526
55808
4374
23789
2502
71858
5126
11290
5237
5256
70962
45296
113
95878
98076
35962
89645
36467
90813
49443
54447
21666
76245
44171
23109
15699
84642
42637
18199
70451
6849
40702
66010
91733
99783
42722
80673
8061
43717
4664
15437
38108
15684
18133
24640
67500
50194
48747
74223
40042
55402
35712
66537
56902
9146
34863
5555
72801
3201
71649
69603
45678
47986
72613
32809
79574
85768
82371
26127
92443
48627
75460
56740
66984
98714
81668
32063
43838
61604
29572
92332
14459
51068
19122
23806
30333
86068
75349
20516
52152
9429
77039
69218
5516
96815
58642
81122
67197
68763
59506
75282
67765
58564
63705
40966
58762
37936
78342
330
79601
66128
28620
8
92858
78105
22516
99055
58642
78189
96976
37241
7288
63837
9747
12912
93345
41517
75921
22412
18733
6004
88483
50486
75660
57253
74117
4972
27163
91286
39850
51595
28231
97166
96324
50036
3780
37375
49027
78227
79907
56414
38003
72445
26449
67833
68344
45840
57326
23421
93040
88848
5391
15699
83049
53244
32449
5490
15692
61107
29712
6526
26720
15805
97035
79291
22886
29715
31982
23404
52529
28290
51504
31073
37693
86279
25125
78573
25977
2656
61518
97984
98453
60431
27771
27426
13768
56206
98380
68982
6686
28790
33274
65780
10401
58096
92930
11077
80863
90602
70899
9784
68286
94637
51168
47772
56920
51835
61888
2889
92956
85928
41875
48630
45546
83954
72061
29601
56159
57076
8817
54347
92664
81570
71125
92380
53138
87579
67700
35858
62475
94219
1796
72159
177
87794
15121
74132
24977
26094
99034
64610
26033
56603
55805
92853
61188
63506
979
48130
97940
17947
37659
29005
42694
67661
48943
97176
55116
73056
58539
82636
29641
23711
36275
88238
43775
43502
43272
48933
92450
50240
5552
12551
10670
30832
55100
89776
6004
52773
71680
78236
93840
80598
59168
3189
26050
60037
85249
26737
4588
9355
85145
71466
97271
17248
54666
45621
41769
403
69081
6720
72192
22091
31706
54420
54545
16248
82087
24454
62381
70656
2106
28327
67019
66996
86492
31678
75084
23147
77771
28994
51972
23658
80168
97177
46759
9217
4679
24116
39992
11246
16167
14214
27613
56337
66886
43270
10234
39007
57389
71421
4648
18171
51629
60186
3590
71677
16227
11062
93138
37780
98691
84295
63870
24248
69297
53386
67312
40066
48849
14535
79904
82522
28789
91108
18198
58941
99453
85214
1486
85201
4236
75553
84259
34379
36073
67654
51353
17285
69312
95869
35048
38547
32609
89473
94072
75677
22172
1622
92798
45898
1428
36471
46694
22164
18531
53998
9072
26932
40667
42400
33423
54703
29673
2103
62088
51250
96931
40495
90550
16635
5367
41013
70320
74494
41425
68667
89310
48860
15608
52563
23301
46848
54265
28848
84014
49236
89589
4730
81944
14832
69621
38714
66522
86327
82779
80821
29627
8086
65128
86998
25405
54962
73707
59275
98051
69381
212
59515
47268
58489
28582
7769
85019
48294
39344
4554
51942
71469
43830
43243
71991
80545
27812
49206
55478
65329
51633
20872
64718
23259
90224
77258
28247
31925
73154
44493
9216
1356
63672
294
46815
82065
98155
26745
18674
96318
47955
9762
43573
45962
8049
70
29913
3892
88478
30701
18167
76700
24930
64326
96418
24396
94546
88210
48936
77397
41324
92471
94446
6894
81099
10951
88291
20275
54674
7969
3482
14484
26462
24599
58040
90672
71445
16162
66629
220
11427
56905
36312
69956
51602
51448
125
40846
29176
3448
41573
85818
62561
95841
5592
36547
73105
86722
20577
37256
31238
40969
82351
23941
6959
49585
92364
90599
93954
89442
39218
85717
70943
57683
85837
6095
56986
84604
69862
29770
54484
85917
96541
23110
26914
97498
11273
5355
58866
19549
13449
89910
27068
96418
7886
40660
1966
19227
4658
15695
37373
23669
27093
36977
38824
73991
50083
57308
57250
45632
39837
21119
89645
68959
92010
29086
36306
89518
70411
49060
50957
34987
82158
72480
56388
51427
8320
69360
87804
72910
24966
35181
57356
29166
27678
35312
35627
11020
28905
55776
59389
3029
32815
78161
674
40658
92942
62813
57016
71546
92534
20519
73765
25255
15278
11922
72865
57145
5671
85870
90707
61208
63168
91743
47751
17612
32527
46816
63488
78887
53873
90209
37702
41494
90851
22931
94889
49127
81356
68695
46056
65726
10615
35392
90494
99393
55573
16412
69828
76795
28267
42418
18175
83476
73479
71176
89438
2047
25135
73039
81015
93748
48370
87579
66053
33629
76796
2189
52119
7171
54667
70176
90380
2436
70882
45951
91016
32448
57873
99350
91581
44796
6775
33600
30021
63801
8804
82465
59688
81578
8541
13760
37620
10448
49548
31918
42009
52815
49363
34467
46217
41218
15628
9549
74957
41688
92982
51612
5848
93552
70488
53416
2845
61439
33673
16697
72341
52128
63619
39679
92698
20549
40171
30299
7660
94313
97590
96627
36860
19944
69702
8979
63470
84718
50664
25859
88286
65052
66683
58273
47761
97705
55638
5153
62481
53305
99843
57982
39391
15794
79351
76445
83717
98621
72990
27950
86117
12383
79193
86534
3383
19720
61561
2115
98265
63721
44706
9424
34042
30533
79590
59788
77575
52477
43947
98262
87091
22583
46293
29987
83370
228
15972
79865
2524
6351
14277
99330
33937
81882
87119
837
9753
96356
36043
15654
27713
72609
62668
65861
18716
94768
47370
87851
48409
45805
87691
40229
89748
37973
71533
86999
58838
16866
30797
2582
25469
47558
5600
53121
20944
30240
3348
96498
48816
74071
24258
81716
39785
57170
99549
86848
31886
22473
67050
22186
70435
36677
6149
56422
14874
5759
19432
95313
6272
69967
40574
25412
99235
66217
65993
13240
64602
59727
28597
6670
89974
78541
68137
99164
39714
38242
70824
14511
61270
43991
91189
17052
50468
48118
96931
67438
30429
13006
7363
3384
82604
46885
36115
48356
79849
72219
62466
6619
90268
65887
37240
49558
57604
20340
21434
34077
54776
62276
73253
20529
86169
3046
93307
6081
85777
92993
43782
80737
81194
58440
69573
89183
9421
54151
86631
92546
75527
83781
20149
88763
20800
31862
53242
54370
76288
97118
86867
23688
24702
16676
92202
14339
39299
97484
28748
24845
69716
77614
56114
28874
81104
66684
9709
17752
60003
54455
89428
35688
82989
21584
76186
41184
42846
70601
55061
59475
27489
66654
40602
67347
38687
83236
36914
60937
70653
41435
57692
56903
80121
59316
80643
9537
19646
87946
96606
87474
36381
98686
58955
40097
32498
85985
25950
28076
66196
22015
69804
78493
13845
19400
29082
89693
15546
61007
27149
20664
19811
59046
82701
69534
63791
84038
58897
7280
82312
63432
58256
34530
54926
7623
20692
56144
56647
77320
56001
92279
40873
80921
84524
18069
74900
77011
50365
25880
11560
76396
35545
95463
40753
28981
62910
3716
22597
33721
68406
59556
73080
761
96432
84791
18778
35769
60241
49391
60796
5029
88031
50272
74167
83389
80374
672
94009
41640
26556
49519
99733
9038
83051
75889
62249
19748
12598
24168
34910
79363
6505
61556
65184
15753
50972
86396
2707
41489
2183
19967
52647
73087
47534
78618
86344
72639
89068
17513
127
28472
26630
4947
67942
61546
17732
69052
10620
60740
12012
15223
95206
27947
18922
64613
10352
89411
43106
68019
66200
39795
61745
11005
11708
68717
90021
1080
14079
88897
55013
86673
93194
51220
84312
91792
65854
89829
49335
36465
6050
7691
90778
41444
9999
82872
77034
58317
45127
47871
23309
7741
4531
63162
8766
4339
57718
23876
50065
62459
47502
12603
80743
29507
19295
86321
33986
68920
11293
99585
81208
24447
72401
11813
14574
69167
51161
96244
61527
89754
21573
69171
63640
3353
73392
71748
56878
46447
92098
12231
75636
74920
29672
51215
68869
49238
278
91822
95693
86867
15433
78154
96459
82441
67045
10549
16085
345
1696
70563
16629
28917
99490
39604
28659
1522
40201
68891
77695
90054
33660
66876
12952
54808
89493
63906
41096
59201
27915
44974
94621
18366
75056
36048
9393
77990
78236
36966
7447
63538
65350
15154
48315
63582
6599
45630
23840
14422
27692
85432
13895
99912
97130
6982
7976
20876
71178
55572
23915
7386
74692
30864
46473
29279
45356
97795
87158
11213
71628
32087
67757
77688
18625
83562
90061
52853
24786
77658
62109
86223
83598
21105
16292
15423
30048
17416
42573
53990
35184
61272
32892
52911
14689
74610
4527
85618
86845
11694
47793
30610
78654
85045
6392
56252
70440
37984
97739
66124
59717
3873
34321
45979
92173
18262
75613
3471
55781
89796
53603
17757
66721
44867
77215
81255
44765
5755
21202
53698
59300
53052
98499
48869
52537
48516
77514
61012
9884
97332
83085
6887
29177
62643
15910
93891
20658
74927
27716
88265
88708
21456
21670
59100
19015
42291
61850
37472
9999
46011
45604
62756
37358
43079
40794
96056
82394
61251
90125
44399
90709
7493
76590
58719
64999
95970
5484
19052
27486
90529
72219
98046
57989
26531
88240
33580
79305
19013
80885
85921
33092
53390
4550
39801
86179
9530
87489
9882
77815
63004
3606
25136
29773
74225
89186
85573
51236
66743
83731
46315
5100
21031
47511
88535
37267
43669
48165
79291
43139
17838
92859
80331
7320
86937
93027
41117
81058
2889
56440
31617
87503
18196
20659
4392
46906
58556
48457
84830
88906
6546
98677
35033
36099
8613
86202
45039
75461
43376
47337
17412
83159
77723
97069
87907
25202
56890
78229
76626
81877
38783
72788
22519
3861
68350
23358
91878
41494
24690
57828
23390
98227
92481
71315
80868
20443
37444
76247
81459
96976
70918
34366
76550
15548
6145
70083
21190
32251
65736
67916
42379
22127
46699
8451
80480
39475
80378
55956
78621
18994
49543
23586
18816
65727
92452
5800
98
80456
49236
46009
20924
95512
6276
3958
92841
3893
60222
98939
52271
49090
95476
97174
89970
27721
78736
19312
39103
15887
52837
47027
94603
44496
59819
80337
18090
67856
86172
20183
80390
61536
18162
15713
89694
7015
51496
53180
52789
37212
21587
56700
17321
80161
1576
15745
7340
11743
48495
90686
93411
49585
7889
99220
74488
98785
50853
61026
83554
63949
19578
95944
5454
81409
83080
34571
65051
66396
3984
57428
54889
96998
57839
66344
17929
10898
45046
80987
84020
53287
77154
75910
26408
28400
73613
1565
91590
21004
87665
58735
98142
78617
16027
67422
48614
79974
39915
34867
80904
28420
91249
29838
12421
90558
61762
27787
61315
1346
35634
15568
90865
24918
93059
20507
73545
98642
42527
90726
15268
2259
38415
41446
87100
58314
75512
32235
4168
78924
36790
55423
80384
55481
55885
27660
10202
9418
45140
77881
27443
20995
513
45448
62949
2095
17165
22369
1984
61080
5873
94156
32111
85666
37727
68614
49821
33534
69454
78871
63092
8903
95726
27976
52394
72251
46577
99346
57885
44435
6344
43841
11709
75233
63951
74296
15049
17625
79182
91878
67831
33682
8119
27874
23120
5500
39271
59588
81941
93300
49765
43018
1596
27556
82107
25118
10491
97695
48590
44165
89324
45041
7850
37806
58965
12373
62816
21432
69948
49908
91176
42556
48137
47692
68943
74853
88306
35685
47471
21061
10670
3562
6967
84822
49167
19405
83163
27461
986
92102
3961
23528
39415
37337
84667
68937
22964
8261
65333
94870
6577
79710
20854
66204
28297
12056
77242
80858
12670
54178
74883
72395
10402
52201
66386
76373
13463
65542
4998
84961
94728
26696
10194
18363
90714
70510
47593
90487
79567
26433
76544
32492
32580
23082
47620
15643
70596
94413
74806
93532
78847
28787
33632
46837
63051
50350
62346
60687
37355
53989
28400
38319
12107
72476
15212
49232
18643
56751
82440
25416
40658
25092
12174
37444
48913
96109
9057
3429
52329
98361
86248
36824
44106
22683
30046
16075
83872
66065
50824
2971
89206
77596
47108
43437
62800
36226
34603
19805
54338
71013
17154
43125
13194
10070
82968
91136
26340
13417
81334
26213
34773
11715
43184
45721
7118
47826
96744
13503
1755
84324
81947
22220
18897
49427
54802
91175
78970
59232
32946
77488
23077
49549
23260
96055
38308
3828
95004
31862
75336
98563
21475
3694
83882
18700
70024
60224
21382
96708
44012
67865
46437
37834
75038
14892
79880
43728
86621
54178
43446
38416
97059
52401
66162
54451
70114
63518
54317
2314
55528
90107
69158
57518
62098
73654
70215
10854
70157
15988
36408
92104
58934
63669
94799
27517
22075
31819
95440
9908
84647
66729
93595
41505
67981
47063
34765
23291
74517
22178
75311
46500
88425
20941
14159
24041
65630
18356
77858
60438
36596
40295
88055
48690
48040
85930
76663
96917
83199
28686
16030
51707
68195
78302
21523
70656
9007
82524
67476
58078
6921
39288
47491
57607
24538
38774
2261
94890
97403
25718
95270
92211
9032
439
84369
16680
10797
16250
15970
51252
81989
52612
46555
62715
29768
76589
63905
73370
78734
65338
25159
57306
50921
55462
74382
88789
25967
37196
41803
5539
46851
38849
5659
40177
7402
63451
96791
67747
81435
22019
20623
44865
26542
40032
78427
10032
10390
8839
54728
19196
79471
84261
94724
94695
18217
72793
17169
30861
45930
1286
61586
79019
99108
6138
98661
84328
22013
89203
80181
3255
53583
22752
56524
10364
93728
13517
747
93555
76470
33019
38758
61847
48932
9138
74357
29837
32289
58776
5241
32056
26999
47331
38028
64336
57331
23570
70871
65770
51612
49200
98611
60526
98886
58168
64672
98847
1489
81086
89733
84029
32827
30371
76342
25539
62476
42055
5807
77371
45305
84136
76465
12741
22848
6861
61365
68910
44824
84910
65930
12505
22215
77168
71067
16175
73955
19746
75534
74997
76384
43823
90490
83666
99393
46692
92279
30692
25979
32109
4671
96063
74096
89676
87634
60240
65746
29143
86934
93573
25986
72426
74670
16776
26452
67476
81671
89353
96802
94983
75680
6023
63920
34184
3222
49519
87634
4200
36749
95073
75949
15852
31682
2738
20835
81245
74642
29265
14934
70401
27630
86496
30347
70370
35003
1319
19550
65014
52
63327
54812
72294
65959
57267
8681
83345
16969
35596
73793
30918
98541
12500
93258
97747
41073
28815
41038
6243
85529
49279
94383
12421
20876
75118
73559
71119
36829
45144
86867
84387
27869
80215
67417
82545
9965
38887
47420
88629
72677
47921
11193
62639
47856
57501
19929
81150
92953
38625
3421
56879
32853
51881
80611
23236
57803
41467
84732
53298
88190
27673
82643
56354
60483
84780
59972
56686
5248
15230
68791
70516
72430
23772
43864
21565
84434
25944
7191
35355
45100
6295
59330
44675
56345
11443
42831
29679
5589
99753
71363
40933
88139
5453
55798
97379
59603
17990
57289
51575
82373
19375
9015
72174
71408
6107
20377
59460
12012
24879
46493
41454
43190
61275
13043
75635
98884
72110
25345
29415
92883
76661
63824
15769
85019
81310
60568
91854
62111
76710
40691
78875
46857
61766
41919
50688
35202
43399
20274
34269
79548
59660
44377
95723
39915
89531
28655
30714
87378
99683
81151
38889
89279
80177
31409
28614
84434
69981
41434
93168
4260
10973
59714
91604
29112
13323
28481
89617
99350
30594
60812
37423
79675
77835
72819
11033
79510
17646
26749
84088
9889
88417
8562
38636
80074
23912
49914
52226
89387
74388
61689
58447
26531
47004
65304
44465
33856
8403
40379
94927
96361
79231
71759
23394
67778
47783
33408
21023
80812
23945
42208
13956
26862
36114
9554
99484
73790
36833
97109
98827
26916
59773
93826
56578
85611
33908
38372
37435
18423
73976
53635
84746
9938
32100
36340
5687
80574
83225
64243
86227
75481
6326
34328
23070
14945
31432
76439
21765
41570
90978
17558
77752
48768
55685
27874
2876
91867
28452
79835
15371
86750
12100
22915
57222
51985
18130
82650
66257
91758
35049
16518
60976
99469
49105
88281
60568
6684
18510
20106
93002
26017
94916
82096
97741
68002
22263
88764
60386
40917
21198
51052
50861
70713
43339
55532
92566
34215
49653
16829
73386
42579
47394
21205
40088
74805
81556
31415
65019
74240
74648
85990
48180
84244
48718
54357
85168
88329
31745
67285
57359
92486
74798
16742
99182
44003
55354
20287
41408
72233
15496
90992
92632
52144
18727
40098
23094
31924
76222
49233
58925
30136
83582
26728
44595
92252
61346
57569
78516
56589
91995
71344
32245
51578
51571
67295
32023
56346
11061
95861
86268
15402
94304
19280
18550
37652
95354
14547
17589
73805
24021
36307
25959
78474
54609
45357
72154
67230
55451
67873
52159
89632
71812
12379
77238
10089
70805
77459
71248
63418
76895
50935
21616
32559
85697
44039
56108
70010
82721
25662
21347
36809
64427
25576
5502
19246
98784
46679
81493
31438
45725
32770
20325
49141
86730
5591
74089
71360
36039
22220
25922
58131
7664
79142
794
73422
16436
6129
66166
70607
64979
27787
91104
97419
33900
89010
66483
68979
17442
82885
24024
34409
49276
10419
55392
97649
58826
28894
17570
70863
6258
20177
9297
73166
35170
95908
27270
28014
51977
42747
23255
60688
17238
19219
82157
7628
59690
75070
12946
36518
68252
414
48887
93218
84150
25194
48412
51237
34030
81612
67720
85064
39134
15827
19376
87526
70957
93767
7732
26744
67726
77358
55770
720
71281
56164
76718
29392
24433
67351
78293
76877
93616
49345
30303
89080
87827
14021
94695
23022
850
73449
1116
39666
68860
6281
27629
66219
64629
8504
65240
86544
4376
73882
81556
76096
74040
44430
7110
98646
59781
5503
66956
96487
74708
19659
23221
21624
45423
30629
45029
57286
72825
4970
27966
94493
90550
44276
76027
19324
52944
39303
76519
20344
87799
50001
63392
34242
47812
78896
74691
99761
49643
81362
37057
49301
43093
6833
41663
39220
97497
8662
97317
76084
220
23589
24980
31132
49582
99490
55977
82172
16467
94273
89737
39775
77458
87118
48549
67886
88699
85175
99378
87279
17762
55528
27848
15499
22739
51053
88154
18739
97723
63815
27594
27888
37254
33924
33450
95537
40272
81246
15065
30302
25328
65817
40384
41487
59176
17475
45917
58523
91396
73308
44853
66898
21953
64755
38211
44820
76249
8905
40280
19015
88863
39817
20444
91236
77417
66396
16878
92001
18622
69539
91683
45166
9035
32224
41820
33404
89972
5211
57827
66713
69435
27783
27961
5145
72344
39910
62853
85106
9121
88974
80539
95127
42552
25196
36978
95610
59384
86184
98278
27091
89265
15140
93546
82215
96949
34321
2553
45207
86020
40459
69229
45114
62212
47259
57216
8561
19500
51903
53915
98742
75466
62339
91045
41200
35031
58184
73027
39177
59062
43263
98903
95444
849
2485
70920
80335
13625
90572
31876
2670
53902
70666
2540
65284
80840
75519
62366
12939
8144
98368
56891
21211
46920
94635
57003
48248
75448
87472
72300
34093
22072
93167
36611
39004
27489
90252
69289
61490
46349
80945
51422
58625
34771
22523
77077
70521
2058
60861
6977
63365
40098
83272
45689
49989
28523
14837
19783
66262
82340
48315
93237
61383
19856
91126
3510
36586
24194
89283
24444
7265
9663
77709
48826
67357
70063
72023
14395
10026
95284
92930
78245
22131
93649
81011
25800
51314
43134
43734
63617
61678
77049
96206
27626
33011
56580
82929
93259
50317
97168
47184
53544
62333
91613
59210
18842
80140
18447
63803
41256
37104
8256
62373
45876
59464
63232
95376
93552
11803
42852
7030
23038
70667
2475
80220
62594
15291
5745
32298
37856
40939
14913
94575
80268
19834
70701
75808
60577
76241
73005
37612
7104
89310
68434
59444
77293
14884
15395
51209
41510
68132
82666
30493
94482
94544
78942
25471
54000
46930
72839
6571
32645
73316
10000
44749
3116
21281
83009
63971
16933
64927
62107
67899
51150
54456
7903
50891
20258
63820
60956
82682
5951
18209
24395
39305
73791
60159
95081
34541
53239
95615
42978
24250
26854
13711
88768
45148
9534
39209
91215
38246
25087
4425
69782
63230
26710
16776
74052
44877
86739
79567
14459
74288
82607
96169
33559
49058
16169
17493
20828
43230
86716
66574
57734
61892
82093
40141
51058
54232
34705
66924
60517
54405
72632
60047
12979
656
13739
81810
80811
67427
2452
73011
45619
5486
27785
34603
39449
11309
83618
66961
1362
13652
7082
80222
7161
13369
10629
52020
12995
65067
12469
51384
63649
18228
15170
78064
699
54134
94169
94996
43449
84988
56910
19195
37275
62736
55429
49851
38066
5449
35700
15023
85326
67483
65754
76236
92224
48120
13280
11013
2542
46513
85548
4611
36105
51338
3948
92473
77129
70462
37923
27615
94680
38751
17451
26218
21582
1524
90075
43711
6493
30488
3582
24962
73730
76325
94030
65223
32499
80973
15384
38140
3362
26015
8657
72944
76645
99657
22659
84644
86854
2212
31303
99355
84682
46150
12445
10229
27571
63519
43018
47373
72198
87527
38114
67080
46048
94364
261
78192
35701
91346
8845
13541
1467
97542
15440
88362
46879
76728
92966
40239
91971
42727
20791
71233
37646
91133
9935
59688
26827
32995
2121
38390
5102
12842
94028
33748
77916
45486
58741
98458
44293
13328
95682
17987
84313
48493
82522
42187
67623
6899
89815
17322
32558
64341
67828
23800
51263
35813
42718
28872
5534
86828
9967
6923
80787
97628
76045
25609
75808
74328
14667
19066
49703
44970
83001
92695
30450
60115
98394
1045
30352
77371
72045
15811
2300
23439
74220
75242
39926
46223
82012
32920
21701
84055
45015
89172
79654
84906
13589
50966
93185
48449
94997
13025
8865
97369
27877
86935
83888
70515
61605
40737
46675
91720
96425
598
77131
10362
46689
81929
36701
91838
82657
57509
45326
76447
1210
65706
3337
77373
16478
87943
96167
26604
37560
21290
71339
40522
21359
17195
60877
33395
46566
38951
52625
5906
28405
42792
45850
66625
68846
39247
67838
46899
50693
35921
359
19831
6417
16692
44683
96547
2094
88388
64941
88787
24731
80930
18906
69957
8183
18997
82308
18911
8029
49226
59061
3096
57570
27360
89495
42165
13605
94766
20826
98527
33745
23918
13448
58331
87090
43724
56011
76970
81318
51591
67396
84373
12826
35949
55855
99984
10924
69841
24381
42174
5434
32421
27784
35138
85368
99153
83694
8902
21860
47915
31371
70316
1070
26757
3484
13276
4994
26509
48400
57939
96338
14407
23751
95750
78635
3874
44577
89532
6347
67029
70731
97558
10945
97194
42849
62581
54861
81769
20515
54002
98301
59665
14699
16548
1214
25127
71299
94451
36782
43622
95911
38940
6142
53311
44159
60724
83086
11801
6888
43714
1368
21619
30696
22273
58593
71321
30732
12933
1892
65420
53431
47118
2620
25118
69379
1019
52962
26394
60026
95050
95197
63705
48932
45554
27115
81547
76570
24262
77057
20865
22758
3786
28647
12665
247
23961
45433
85790
33842
6846
52964
69052
51198
16055
47933
70989
20336
27523
87629
85082
33399
35818
11323
69962
27861
63474
40454
87231
33460
81419
45313
98545
21461
56451
89028
93745
58950
33419
32444
30897
49510
43290
61139
59425
35247
20588
29746
93911
24060
86219
77639
6592
57197
60700
27216
12116
51861
63053
46012
95589
28344
46570
8146
84923
85799
82635
25914
69222
85685
55841
58253
38819
2747
2138
73860
87504
53083
73954
71492
86349
17999
69218
68479
21918
22306
49092
55808
72780
2030
48028
90444
34889
65954
99598
37967
46874
72446
94427
78228
35251
92789
74681
58926
39451
90723
60926
35551
17586
15994
74617
37329
9675
78660
60531
37904
57508
49425
23168
71071
31642
12325
98637
28228
73540
86537
61137
6604
92310
34044
30407
47299
89003
94019
67882
94352
15173
74200
65439
70076
50284
29319
67023
73742
82090
10734
73724
6830
88706
12377
62478
55773
45410
49548
57951
91996
83248
17653
99760
87520
46097
49213
59451
40549
64876
29850
9127
99542
46487
99504
33465
70135
40739
79922
89260
63891
29284
98947
65562
56607
81075
65896
69919
43038
89026
47925
12350
82368
695
42248
80710
34280
5926
48622
95818
79486
83623
67189
68192
44249
13720
16285
80763
33714
26031
4376
39712
85235
67042
73982
24014
20374
80799
41105
46133
66947
11895
52050
89517
63167
53544
19725
83738
89101
17162
15209
84907
88070
35565
66749
63858
51169
50708
92587
60708
90627
37967
78314
73592
96631
26496
77705
57299
71180
21238
48682
77884
76359
40297
20404
17183
98895
2460
19622
17058
67034
62267
13872
89212
36125
46327
62320
46802
2217
48410
15062
37795
29675
91194
61943
37454
19917
14606
87720
45959
68286
7382
4776
85940
57963
95827
64311
73411
52900
10552
41467
61565
78661
9504
42942
18228
16852
48150
96337
87501
57680
4569
33050
13219
32822
31903
70642
36420
70861
63133
42061
70079
38936
17609
57755
3233
76518
71632
7495
77283
79618
40820
17247
49655
68670
7788
13207
79276
2777
55695
60465
97524
24255
83499
22593
98426
27380
96318
66475
54475
36011
47267
39142
50837
90480
58046
60942
96681
21964
95009
27713
81785
98695
50402
76434
99673
43849
50938
41884
38013
36335
18648
97712
3956
11224
55044
15375
18439
56834
72249
98296
86398
25787
35065
29645
98605
27647
7977
9590
30785
64019
9469
61708
91103
76834
92462
61217
89498
66010
81654
49854
34528
61466
63004
14848
43514
5580
41974
80682
54486
77104
35043
30309
29622
6255
83953
96368
65275
36893
33988
63369
69155
96519
78858
71873
75085
71976
67209
66898
82761
72161
24014
13630
1864
91724
5257
58838
78639
37798
23719
95596
65259
98225
3130
81143
20723
51062
63727
49803
40
84230
94977
56137
630
80161
72904
65651
83400
50115
77197
88698
966
75193
34922
99414
8682
5334
47584
29286
92111
99553
73350
86754
73166
83337
29041
51128
3158
11994
36279
65761
38004
70761
82223
60430
2577
99968
34
84462
7459
24994
51364
11895
85164
9376
19946
1439
40960
69664
1335
31164
1978
68789
83628
19355
91356
39932
60666
28924
77027
58280
61605
4102
2708
81050
43672
44396
46957
2395
33482
44842
78073
4364
14112
13554
73736
68786
88575
97495
14206
19152
6841
92447
77415
88012
60490
57641
24348
83239
26783
57386
9526
34569
20850
14669
51663
38947
36800
73993
46379
47508
54975
16396
78654
78379
83048
399
65916
79100
7791
49731
95430
34738
9403
68139
1663
85429
82857
61926
49179
64228
36296
26033
4796
96412
24399
34842
95335
19965
36015
6338
67179
61707
52163
16108
80821
3878
57629
10211
41624
17934
76193
24027
75645
1019
21008
69453
40793
85979
70850
67341
56706
60697
55954
54008
51439
52274
25369
10929
46446
7211
70615
21611
20488
22788
61740
73829
64848
47628
73143
93369
26800
93973
61716
43310
84244
88068
56235
57965
79771
6242
80453
27552
20990
35307
19339
77555
36082
60691
77978
32828
56636
55356
28180
98003
29469
46935
30667
85451
37281
13191
90426
36579
56091
69236
13453
33423
43131
67367
47060
78485
17416
30752
92461
11757
79086
24475
20704
94243
17930
94822
45383
94287
78298
52142
16529
50244
42177
68079
62579
99308
54876
69081
64969
12502
45089
2234
61308
89638
96684
59488
87936
3059
67166
60361
4480
94102
48527
95160
31206
44086
44005
5763
11335
12106
68403
72510
72280
49199
73197
71938
46747
66538
37813
30965
96648
51011
4189
98141
52170
30865
74865
23348
3161
58463
9483
60182
79697
66952
78201
13980
91417
23591
13964
87056
57470
62281
63146
72060
66488
67908
83974
91981
15083
32880
69133
44285
31407
99303
80662
12665
70609
97793
11298
53644
3453
17399
25881
4870
23555
91153
85438
50515
99241
71075
93477
53054
11823
37006
786
39761
50344
42503
47782
40604
89913
61632
52997
34367
19597
36484
69004
48772
66724
91420
30635
21607
57306
24599
61543
23810
81437
13105
90382
39988
27897
42426
93077
6506
33724
1218
28575
78388
33344
44168
57431
69857
68918
14021
52480
42832
49882
61043
58371
3356
92505
87520
67456
59138
69759
92404
28668
23582
53888
94906
68407
40285
89888
49955
86452
7869
52403
20153
71120
31076
64515
9018
25326
47706
59784
42951
92060
55092
60764
11426
79484
29774
67587
83508
48018
88707
29752
29524
43123
34827
63192
50580
91035
33898
88330
95332
34710
13769
91515
50468
7543
13567
62511
78957
62010
22606
1378
22154
51225
39113
67943
8697
20603
90096
33486
54059
54432
18368
40606
91602
39124
77045
88807
20141
80218
59758
43943
67117
52658
43487
71822
90233
56772
61515
56928
7565
17741
30203
15596
73030
91932
8502
19096
61745
46292
44896
74959
48561
18740
16613
13613
85837
59780
37841
44450
48307
65745
3529
33315
10164
75315
48665
42532
47967
58955
21464
44584
5262
54319
14903
61609
70808
30195
12471
35716
32583
65829
18604
42204
76860
69679
4349
73524
53967
93168
37976
96951
24709
64786
4925
539
88301
61134
50604
86281
52576
1607
58785
46055
96728
90527
2633
64272
49446
86224
27314
34080
29148
71628
28862
62756
99358
72158
37364
83299
60420
19117
62091
45298
59353
54314
76155
94442
51858
61041
1419
20839
9387
96169
15716
5430
5376
51219
88671
1631
56697
59436
54299
13159
4266
59074
89635
27471
67695
34838
95690
34905
89244
31692
89631
22779
70188
36644
11802
73802
25116
77386
7598
26423
46260
20371
61640
48620
59933
5782
29590
50245
23855
74057
64785
35584
97563
49102
10438
64532
37513
89228
81856
92672
46364
5191
67312
37906
19529
35396
37456
33809
70072
92835
63213
67684
90100
6186
28314
12225
41055
30296
60962
36972
54256
88185
20841
37085
53434
32592
45778
69670
62676
63846
28830
20083
5068
2455
69040
90268
65677
27122
6611
54798
76779
11988
50313
46845
72201
57538
48502
22268
88484
82378
4206
56027
82750
71140
92540
68301
69588
85326
64836
98902
33169
68278
47705
73282
6921
4204
69854
68441
49906
85028
46401
78566
67928
84052
28185
40901
837
69771
23914
91479
12441
57949
99316
93829
76243
4741
92241
92421
66053
90804
57866
45404
8626
20922
55448
98830
76504
30243
97465
86724
8918
78539
73350
87266
52019
98972
65262
40692
40806
73257
83083
1258
3250
98377
5302
65008
7049
19563
20256
6849
99749
26631
22273
60950
74335
29668
12421
27826
84635
80044
9155
79996
47008
67279
92014
71589
76991
22866
79032
21922
27525
96501
20648
13876
18323
62277
25668
60923
47612
19610
91774
48487
65639
26161
55836
37272
64715
41904
69409
60791
11174
90211
87950
38052
43219
60265
12209
30972
51312
55701
23074
56999
4026
6331
6173
84733
1581
78957
26971
91785
77607
76899
27322
98158
98344
24534
59149
67518
62090
52517
29896
46814
99544
43247
42496
72908
74033
7901
40938
40030
34924
55294
33394
66959
75385
29028
15689
85814
17651
79388
6978
37638
38270
56978
91286
60483
89600
3098
38848
43662
49071
2470
60833
12978
7968
25275
8996
98493
59956
93389
12315
35664
48256
24863
36886
23762
56232
97603
80299
40681
27045
11259
96664
67646
56744
33758
79732
62998
18537
86656
50699
22857
34909
9089
68807
32789
8205
2802
5569
6704
54204
76765
97208
45803
42160
35823
15840
80663
50254
19137
8636
65364
13852
26706
53019
27764
84933
61468
77929
44845
90646
87057
36995
70561
70294
73930
73275
39704
59787
95533
34673
49121
19189
81943
27283
44449
63079
24001
81281
81620
38781
91777
12701
57893
22203
97705
6005
7515
71899
91062
15949
47587
21292
45945
53410
24438
45455
4533
15451
84594
25384
19337
40108
55700
12977
56834
52086
34925
53359
61010
41795
31006
70858
65148
59319
74605
23796
86201
39466
91554
2351
70705
71051
76133
10442
74660
76994
71496
50693
74513
18154
62668
98658
32897
73481
330
767
94190
11880
34257
65863
81715
30086
77751
42334
40939
61971
2062
49408
50168
59545
74591
69592
65987
96051
32675
54234
83511
42070
48553
43293
39775
87067
22464
93319
85040
78383
8257
49172
11430
43144
48545
87571
30634
71055
44559
90583
1933
55667
63146
15643
32201
98145
55874
52089
87668
38833
91268
64354
81514
62597
59557
70862
46968
16852
40817
77759
31218
91629
92420
80197
76826
82824
98662
51399
90656
15846
18186
92490
82028
1189
59846
5112
27987
29677
8978
87658
21077
69473
41036
76090
67217
22350
13456
27953
68545
91967
24849
61795
49204
14473
37267
87414
90700
97412
12385
97267
19104
48893
11892
60807
78313
87726
35547
75648
78228
58528
33071
41970
67236
45466
27725
18150
51242
74618
25693
61335
70452
75361
94222
29896
29983
98187
52388
26387
52797
81054
85635
9955
3305
51779
78577
49210
61164
59589
21067
99009
73034
77319
38474
76072
55357
84905
87480
25810
56232
31563
87596
87065
77160
92870
33701
92555
37272
61544
23515
2892
6815
10628
55752
59666
86181
41894
96651
15536
79495
69066
61635
93825
32100
66487
14778
42771
72762
37345
91500
26461
37920
61443
62656
8816
67088
94341
17713
79026
58367
50276
68401
12590
10953
45503
92945
88397
8871
58021
80723
12031
22481
91488
91029
65092
93787
5699
27302
27706
708
18820
57262
17585
84317
36462
3111
15688
46100
85516
25683
5963
4626
71485
46120
32990
33338
32377
20791
91212
94911
22466
54545
56976
98050
60826
79295
38081
20550
18324
40268
4044
49320
36308
28229
80672
62395
88835
92359
5897
94398
34851
28957
1669
70544
55806
74952
39347
39861
79931
79320
39471
41659
44076
25209
71266
96173
67288
62110
76703
31442
59415
78632
73044
24841
24212
92827
87531
43331
56813
81405
96615
11669
13034
64546
30023
24981
37958
95642
48841
37295
34889
78045
77283
79034
95598
19906
1328
17977
89921
68678
13373
31862
64586
5786
45352
25741
19537
77332
82525
41445
60924
64148
66083
55156
47019
42855
76971
76119
39745
54663
41426
89299
3014
29075
73656
30521
86216
67076
48035
9052
65487
38190
22196
44042
4283
61826
39712
85184
73095
58015
20787
41184
23
443
74340
57687
92701
62207
25906
73546
64542
96041
16525
19829
43459
97735
44097
57373
30311
28273
83356
15139
70928
61966
64650
44708
67875
69554
89630
38177
53464
71994
57272
73207
48988
69550
92000
14289
84042
77510
97145
53407
89968
12014
36586
76347
54169
42525
80617
39592
85108
84043
51927
7653
73167
9199
32282
15410
402
35215
7379
18857
55497
20891
19554
89147
34783
40316
247
90007
81406
36829
36854
9168
88043
48349
11440
51079
60301
97352
94525
8428
31622
74904
3523
85709
81206
27103
55561
87939
65088
57053
89638
94951
8851
81589
38903
17969
90729
86744
16125
53979
89951
89928
7440
37935
61825
92518
25269
99257
39345
13345
88747
96900
47091
37846
73721
16402
99820
32396
82417
85982
92460
38238
99444
54366
53410
56568
47891
31873
25256
92475
66698
82599
33820
79726
79599
3942
65862
94376
29721
19636
37360
39518
41378
57731
15598
34196
36234
52494
18484
36655
19216
94631
61156
67735
18988
17416
41296
59180
74584
24355
5962
16883
85796
25939
60106
28985
4046
96576
64323
97538
32750
69469
70544
85778
50661
22067
75763
2531
31167
55466
77146
82608
98075
82760
29280
51037
14079
32341
48537
59261
20800
5992
3868
35725
18253
92495
83361
55097
56682
5700
60300
94356
93240
87796
67774
84127
56212
3713
70032
66117
41096
25169
97278
85787
65621
19073
77416
64027
85746
87299
43368
43612
85666
18804
80383
49888
74972
35640
67770
88871
93622
98838
59211
70288
60288
73197
1903
35576
99687
46084
59734
40556
68123
99767
74741
57319
54937
41339
20833
47226
53095
55106
38469
15478
56152
59372
19696
17479
12926
49448
32958
46937
30570
99265
23300
54362
3689
84572
73275
47792
25540
36667
19915
19368
26379
37780
52072
11409
21624
74179
46972
11186
8671
72667
28327
66086
4939
12405
34755
29751
79834
51024
52668
82542
42423
36391
59233
23928
88569
76301
11202
97951
87429
90048
93123
75150
22655
58216
55069
47709
34591
40295
66214
47947
69907
48104
2198
89954
40695
16815
54244
88310
50064
6818
89601
87583
82730
23134
95425
70601
21583
14754
43291
71258
95501
55165
65688
10275
41236
41225
37781
45894
49965
66027
91133
93364
43321
93985
11526
90570
31734
48462
75198
4096
93958
38706
46322
35782
88359
73929
75784
93972
12207
54226
59609
44421
89966
65361
33916
72680
83428
85905
41912
55919
22680
24902
58260
31308
92671
65711
92093
7985
35411
25897
23741
89008
46785
57027
93245
52255
84657
12434
68127
37469
2581
99824
91183
35754
65088
32295
79260
84409
76251
4718
14292
83301
33081
50153
44504
76466
43880
61524
69812
94529
55711
7781
86311
2441
87203
49791
19988
11268
69899
70980
46991
11946
77801
8523
8879
4598
54699
82289
88583
15200
36519
46801
47331
17973
51870
43091
94028
51068
80800
6196
21431
82669
18051
43530
79297
46400
90474
40937
38593
47730
16331
6121
3314
4746
27223
75427
10884
92572
98629
10861
32043
40844
41469
51488
4839
92874
71807
44468
43980
87681
95554
13174
94718
95757
71324
32854
3919
42669
95485
4910
281
48372
81221
97416
81463
8583
88063
26901
94554
47013
93700
36059
94679
14269
95515
42123
31669
30584
45042
67754
99887
38706
64516
34271
83867
92067
49506
61253
32336
11430
52920
60538
72845
69608
33140
64316
67016
30204
71499
30245
66517
82066
5840
51062
19615
1440
44017
4012
64449
97803
89611
62692
86851
81452
16247
93713
58072
97519
15724
16676
35892
59065
72985
18270
54116
67699
22372
31068
96020
92047
20257
28671
205
28463
26363
75319
27065
22386
7978
52763
1591
33921
99955
56686
18481
66705
688
88989
94600
18871
92651
1521
73321
97492
53634
74651
4016
45530
97118
52885
98585
62613
53121
1820
41516
97495
41431
4010
13998
10933
78750
91619
7804
43766
76719
83212
49164
18602
27758
78226
42570
46220
66748
61051
47112
35094
80505
46188
39458
75096
71667
14569
90188
98305
67391
8512
94142
586
20529
32570
19605
40458
59750
26954
30643
34794
21663
40781
64628
44033
13079
14715
60380
44795
15069
10985
4661
65020
80937
21695
69238
50311
80292
22583
63067
83786
14780
21051
33213
11427
6180
72491
12310
71183
11948
72974
38792
67491
15470
95885
69085
44633
68470
61343
38806
81191
90431
13040
39706
4257
73302
49341
60005
85344
72736
23574
98448
14060
99459
3763
87452
13513
21332
60853
26323
23391
2584
1512
2449
47115
80252
83642
7418
6664
50866
37032
67851
96341
93414
88153
1796
729
99903
17962
12309
63198
79780
79660
22293
40801
18042
21779
37649
39395
21425
96261
65742
65208
26241
17656
36565
67968
33798
74586
3478
61289
63378
62946
99824
32857
2026
92235
74430
49654
84339
16258
14630
2088
37431
7100
93714
13115
70783
27048
39148
61593
45240
90490
50944
55488
37668
78581
3123
67560
30967
40500
48844
67775
30759
26754
75529
35052
94879
62740
8182
70590
73986
71364
72251
71944
92116
10201
12077
10758
11525
66728
19215
24754
90529
26084
96000
60520
82898
81529
18384
46412
71766
60485
68138
98920
57677
12913
46224
56602
74533
93093
66397
68854
66690
12510
37029
43916
39671
20805
77138
97384
2909
53588
97197
19216
31817
36322
64319
1592
77519
42103
19907
20814
87625
53713
13512
32337
56530
57779
28422
2912
83741
85820
70374
18840
77632
48313
41993
39981
61209
33145
69896
36615
91701
35375
7007
74563
53927
26287
71405
85603
66299
30140
46978
4000
63885
75517
40221
45776
36860
35530
70099
93292
99586
78056
75557
88657
36092
69106
47039
79131
75979
44126
43428
58884
26633
82160
39341
94422
99105
10700
97234
13967
39792
55004
74198
31351
64744
80154
99727
77441
57597
90447
76063
55774
17244
10036
42108
974
66487
49075
5088
1455
69161
80884
54864
10158
31713
56474
95236
88555
50612
92741
43722
41419
38882
22534
56773
55436
68813
12849
41014
51367
27404
93614
99393
42818
50620
93748
57584
91409
79142
82087
9323
71786
59991
66148
94868
130
27344
86780
62569
45191
70191
2230
45352
8767
74580
21417
70759
3913
78877
13353
59325
71117
27442
66107
27254
20740
55787
80401
16134
33355
63916
59983
24208
63298
30437
19905
7794
7254
18552
43420
69707
70857
74430
57130
76096
16156
5608
54528
88423
81476
26231
83210
26336
67428
56756
95539
87927
46998
14339
56714
99794
1731
10148
29590
26487
56910
97931
7201
65075
57517
90501
30809
8825
45241
56179
62071
71854
94997
15762
57932
94665
94730
84378
89132
81278
91339
65691
30046
52579
36312
62266
55835
33393
20300
29200
43084
10979
17364
34656
7185
19660
23736
4220
23727
88484
24232
27806
69447
22539
11556
88102
26296
17416
99176
94191
71848
21588
56723
12474
28906
92840
46982
55128
31
53870
18404
70332
81546
12754
49926
47645
26389
56541
93430
93545
42943
72422
29515
53280
66990
86050
27214
32594
39778
84230
84622
4440
89818
55733
41787
67149
58575
11359
48658
86080
2090
62211
21953
32273
89207
40846
57206
72105
60011
65295
26510
82286
88301
95471
69625
53570
63755
30985
52952
77155
8174
62519
96790
86965
89900
68330
64058
28016
42023
58141
70190
47585
12603
35674
77701
80343
82132
61483
68087
89198
1360
75950
94872
9286
59752
71104
50250
74952
7199
56284
70517
42047
66993
48504
30509
91060
95535
17105
18519
80560
57096
5662
2101
5872
30248
91179
96171
8460
51372
49178
51371
38817
78367
5520
56396
3394
63895
16479
77385
22920
1091
96387
13175
65469
54753
54767
91940
63810
41502
34645
56729
14583
89209
10087
9695
90298
61706
92080
71788
11798
96190
98744
62142
94433
24324
12606
26471
94203
44056
40991
72020
35246
22425
8615
15164
30175
76751
4039
8691
28116
42178
72428
5368
83674
69098
52437
90154
82764
60709
95348
17616
70163
86938
69938
77958
2620
83571
45288
78723
90444
34100
84077
73144
79310
1651
19375
21572
3606
65205
12874
16317
55703
50853
49760
57098
71894
7615
75864
39130
7305
30507
43381
78605
70062
198
5804
22249
4914
29528
83849
40157
28828
76521
23621
80568
28297
40416
49139
70779
45006
65281
21208
78614
27724
68351
91203
15935
73823
20912
13864
78216
36140
92869
78044
64715
30691
16520
30826
57658
17457
32560
13753
56733
20416
51703
39608
29416
47963
86152
56165
17047
76202
11385
97632
89935
54682
69031
9735
88944
89835
86277
55448
34902
15167
26610
85301
46202
9973
64456
59324
6386
57240
63267
58892
69036
84103
24198
36267
61264
54853
16240
65522
64044
12652
48802
46115
22151
72785
77526
9296
92594
83643
36899
22103
42521
69689
2690
76094
80907
18904
60335
99366
31106
46446
93265
73866
79997
48994
76841
53101
85444
21402
41567
69659
60525
73520
67037
13977
19089
45634
85513
36442
87602
54879
12795
20708
74993
37959
59221
35510
99508
50367
20944
32474
73132
75660
5162
29707
97378
60437
47322
27433
57205
83199
68761
73846
64761
86401
9035
76277
2319
99171
84680
73062
35605
8296
67453
82076
59758
30544
44279
75381
35355
5738
30382
55594
85107
52017
4771
78813
9277
57306
34026
71494
38966
78215
63717
26577
12427
9599
89280
71495
54660
49027
96896
62877
16478
41803
92926
24505
5790
6300
81519
59896
15713
61983
3246
39426
11696
85732
23640
88919
43908
48225
34543
27473
13078
51716
10834
72050
10770
68684
37578
57814
32589
93153
73297
63301
86885
94253
84327
7042
95130
18065
50767
55687
97978
7555
53690
525
49860
72800
46058
12873
46062
42526
49149
17758
27494
86711
47307
89971
99508
83863
53993
26958
52991
76341
60864
1737
74702
64275
63776
1463
82967
36977
39940
72075
8741
17146
94666
40797
30602
37144
27878
40091
74543
9770
38681
74307
59462
64483
63785
57704
37283
43759
53393
47686
78332
33837
67585
81225
23906
47911
6650
76138
89956
68884
65861
82015
96758
54
81476
60459
62552
40785
10093
26734
41870
72839
34045
9241
7046
25662
77588
3795
34456
80574
9403
43166
40749
86081
77977
52384
69005
41262
35142
13980
66277
31763
65403
89601
12810
25281
5542
96453
9024
27319
2861
61425
29644
86636
79659
83450
33539
80102
64317
8894
20683
83636
84441
62639
91002
74270
71792
57550
68159
53175
96762
24148
48068
21349
55307
54200
66843
2780
55726
2839
76161
99436
83819
47124
69669
13167
75362
82011
62905
39937
97571
50947
90456
67996
74782
85264
27349
79476
61069
42401
76854
83561
96265
13084
58884
57194
14124
18069
76491
46520
34840
44090
71378
13423
99772
17777
77316
83910
33840
11779
16504
16439
57770
26180
15269
85917
41685
10348
12946
67096
63498
66696
32213
90306
57630
31433
50626
37921
47542
87279
71425
69545
7306
51826
91738
34591
43505
1713
13088
64161
16815
46648
88372
70841
83737
28462
36265
56997
33770
64291
40653
84348
83264
2340
69048
3989
2806
23394
12940
66316
11770
11870
54011
8903
81019
955
96674
59657
48852
87732
71519
22190
72470
33924
97684
9620
46640
22516
49007
7180
29838
28125
65507
63171
27454
12766
53734
85962
95661
92001
78252
80832
65293
